   1.0000000e+00   8.5976641e-01   8.5968330e-01   8.8406723e-01   8.6478691e-01   8.2516049e-01   8.1835058e-01   8.7887977e-01   8.5679592e-01   8.1974571e-01   8.0562905e-01   8.2628449e-01   8.6622453e-01   8.3289694e-01   8.9346477e-01   8.1516765e-01   8.4819420e-01   8.6074991e-01   8.3809592e-01   8.5531752e-01   8.6864203e-01   8.2914373e-01
   8.5976641e-01   1.0000000e+00   8.8088884e-01   8.8871174e-01   9.0087190e-01   8.7282924e-01   9.0294569e-01   9.1156731e-01   9.1138120e-01   8.8238896e-01   8.6713090e-01   8.9111834e-01   8.9663902e-01   8.8352078e-01   8.6335972e-01   9.0793892e-01   9.0242148e-01   8.5873196e-01   8.7457023e-01   8.5280811e-01   8.7839411e-01   8.9797978e-01
   8.5968330e-01   8.8088884e-01   1.0000000e+00   9.3961756e-01   9.3855483e-01   8.6484644e-01   8.8332447e-01   9.4507106e-01   9.1859278e-01   9.0368838e-01   8.9299255e-01   8.4220683e-01   8.9279837e-01   8.5842054e-01   9.1428199e-01   8.8295390e-01   9.0642104e-01   8.7201038e-01   8.6780444e-01   9.4149649e-01   9.5339534e-01   8.8758973e-01
   8.8406723e-01   8.8871174e-01   9.3961756e-01   1.0000000e+00   9.5229019e-01   8.6133210e-01   9.2389136e-01   9.4619955e-01   9.1035229e-01   8.6147255e-01   8.7982160e-01   8.4564060e-01   8.8971699e-01   8.6724385e-01   9.2685464e-01   8.8482678e-01   8.9602202e-01   8.9546574e-01   8.7153385e-01   9.3033129e-01   9.3711689e-01   8.8495968e-01
   8.6478691e-01   9.0087190e-01   9.3855483e-01   9.5229019e-01   1.0000000e+00   8.9121963e-01   9.0765831e-01   9.5078584e-01   9.3837498e-01   8.9463653e-01   8.9576098e-01   8.5258472e-01   9.1377243e-01   9.0242283e-01   9.2907373e-01   9.0666034e-01   9.0907555e-01   8.8301402e-01   8.9626577e-01   9.2131198e-01   9.4380901e-01   8.9036162e-01
   8.2516049e-01   8.7282924e-01   8.6484644e-01   8.6133210e-01   8.9121963e-01   1.0000000e+00   8.7720779e-01   8.8215238e-01   8.8980318e-01   8.6764685e-01   8.9682193e-01   8.8921750e-01   8.6913994e-01   9.2148791e-01   8.5640175e-01   8.5744320e-01   8.9820854e-01   8.3830813e-01   9.0021301e-01   8.6028513e-01   8.6104361e-01   8.8672919e-01
   8.1835058e-01   9.0294569e-01   8.8332447e-01   9.2389136e-01   9.0765831e-01   8.7720779e-01   1.0000000e+00   8.9134952e-01   8.9373670e-01   8.7297719e-01   8.7050049e-01   8.5231791e-01   8.8147222e-01   8.4325330e-01   8.5396437e-01   8.5852785e-01   8.7115993e-01   8.9734844e-01   8.5021253e-01   8.7143426e-01   8.8917643e-01   8.7769421e-01
   8.7887977e-01   9.1156731e-01   9.4507106e-01   9.4619955e-01   9.5078584e-01   8.8215238e-01   8.9134952e-01   1.0000000e+00   9.1463134e-01   9.0611387e-01   9.0371336e-01   8.8793333e-01   9.1867712e-01   8.9662031e-01   9.2120905e-01   9.1109648e-01   9.1663399e-01   8.9351860e-01   8.9918384e-01   9.2432355e-01   9.3505688e-01   9.1491881e-01
   8.5679592e-01   9.1138120e-01   9.1859278e-01   9.1035229e-01   9.3837498e-01   8.8980318e-01   8.9373670e-01   9.1463134e-01   1.0000000e+00   8.6907454e-01   8.6492612e-01   8.4383040e-01   8.9971505e-01   8.9148462e-01   9.2710333e-01   9.0279513e-01   8.9910451e-01   8.5705906e-01   8.6553179e-01   9.0665033e-01   9.1719107e-01   8.7241061e-01
   8.1974571e-01   8.8238896e-01   9.0368838e-01   8.6147255e-01   8.9463653e-01   8.6764685e-01   8.7297719e-01   9.0611387e-01   8.6907454e-01   1.0000000e+00   8.8933938e-01   8.6988838e-01   8.7875589e-01   8.7052733e-01   8.4659048e-01   8.5252975e-01   8.8621616e-01   8.8896869e-01   8.8487792e-01   8.8834876e-01   8.9993146e-01   8.8597028e-01
   8.0562905e-01   8.6713090e-01   8.9299255e-01   8.7982160e-01   8.9576098e-01   8.9682193e-01   8.7050049e-01   9.0371336e-01   8.6492612e-01   8.8933938e-01   1.0000000e+00   8.8618369e-01   8.8938628e-01   8.8668411e-01   8.4076908e-01   8.5453007e-01   8.8973518e-01   8.4149171e-01   8.9886073e-01   8.9187756e-01   8.8533257e-01   9.1673594e-01
   8.2628449e-01   8.9111834e-01   8.4220683e-01   8.4564060e-01   8.5258472e-01   8.8921750e-01   8.5231791e-01   8.8793333e-01   8.4383040e-01   8.6988838e-01   8.8618369e-01   1.0000000e+00   8.4701084e-01   8.8993452e-01   8.4176584e-01   8.8606502e-01   8.7735756e-01   8.5071766e-01   9.0030881e-01   8.3756344e-01   8.4371524e-01   9.7273970e-01
   8.6622453e-01   8.9663902e-01   8.9279837e-01   8.8971699e-01   9.1377243e-01   8.6913994e-01   8.8147222e-01   9.1867712e-01   8.9971505e-01   8.7875589e-01   8.8938628e-01   8.4701084e-01   1.0000000e+00   8.4816721e-01   8.7555058e-01   8.6038667e-01   8.7964361e-01   9.1965685e-01   8.8660949e-01   8.7616632e-01   8.6740665e-01   8.7978405e-01
   8.3289694e-01   8.8352078e-01   8.5842054e-01   8.6724385e-01   9.0242283e-01   9.2148791e-01   8.4325330e-01   8.9662031e-01   8.9148462e-01   8.7052733e-01   8.8668411e-01   8.8993452e-01   8.4816721e-01   1.0000000e+00   8.5588914e-01   8.7322313e-01   9.2545599e-01   8.0669777e-01   8.7352839e-01   8.7294999e-01   8.8295856e-01   8.9330067e-01
   8.9346477e-01   8.6335972e-01   9.1428199e-01   9.2685464e-01   9.2907373e-01   8.5640175e-01   8.5396437e-01   9.2120905e-01   9.2710333e-01   8.4659048e-01   8.4076908e-01   8.4176584e-01   8.7555058e-01   8.5588914e-01   1.0000000e+00   8.7765235e-01   8.7192585e-01   8.7235755e-01   8.6495624e-01   9.2538032e-01   9.1502285e-01   8.5935810e-01
   8.1516765e-01   9.0793892e-01   8.8295390e-01   8.8482678e-01   9.0666034e-01   8.5744320e-01   8.5852785e-01   9.1109648e-01   9.0279513e-01   8.5252975e-01   8.5453007e-01   8.8606502e-01   8.6038667e-01   8.7322313e-01   8.7765235e-01   1.0000000e+00   8.6505581e-01   8.4047239e-01   8.8336053e-01   8.5755811e-01   8.7831471e-01   8.8724585e-01
   8.4819420e-01   9.0242148e-01   9.0642104e-01   8.9602202e-01   9.0907555e-01   8.9820854e-01   8.7115993e-01   9.1663399e-01   8.9910451e-01   8.8621616e-01   8.8973518e-01   8.7735756e-01   8.7964361e-01   9.2545599e-01   8.7192585e-01   8.6505581e-01   1.0000000e+00   8.3679038e-01   8.5645882e-01   9.2692149e-01   9.1373294e-01   8.9367456e-01
   8.6074991e-01   8.5873196e-01   8.7201038e-01   8.9546574e-01   8.8301402e-01   8.3830813e-01   8.9734844e-01   8.9351860e-01   8.5705906e-01   8.8896869e-01   8.4149171e-01   8.5071766e-01   9.1965685e-01   8.0669777e-01   8.7235755e-01   8.4047239e-01   8.3679038e-01   1.0000000e+00   8.5292334e-01   8.6484344e-01   8.6298672e-01   8.6601158e-01
   8.3809592e-01   8.7457023e-01   8.6780444e-01   8.7153385e-01   8.9626577e-01   9.0021301e-01   8.5021253e-01   8.9918384e-01   8.6553179e-01   8.8487792e-01   8.9886073e-01   9.0030881e-01   8.8660949e-01   8.7352839e-01   8.6495624e-01   8.8336053e-01   8.5645882e-01   8.5292334e-01   1.0000000e+00   8.6603172e-01   8.7019746e-01   9.0346766e-01
   8.5531752e-01   8.5280811e-01   9.4149649e-01   9.3033129e-01   9.2131198e-01   8.6028513e-01   8.7143426e-01   9.2432355e-01   9.0665033e-01   8.8834876e-01   8.9187756e-01   8.3756344e-01   8.7616632e-01   8.7294999e-01   9.2538032e-01   8.5755811e-01   9.2692149e-01   8.6484344e-01   8.6603172e-01   1.0000000e+00   9.6184543e-01   8.8102181e-01
   8.6864203e-01   8.7839411e-01   9.5339534e-01   9.3711689e-01   9.4380901e-01   8.6104361e-01   8.8917643e-01   9.3505688e-01   9.1719107e-01   8.9993146e-01   8.8533257e-01   8.4371524e-01   8.6740665e-01   8.8295856e-01   9.1502285e-01   8.7831471e-01   9.1373294e-01   8.6298672e-01   8.7019746e-01   9.6184543e-01   1.0000000e+00   8.8165021e-01
   8.2914373e-01   8.9797978e-01   8.8758973e-01   8.8495968e-01   8.9036162e-01   8.8672919e-01   8.7769421e-01   9.1491881e-01   8.7241061e-01   8.8597028e-01   9.1673594e-01   9.7273970e-01   8.7978405e-01   8.9330067e-01   8.5935810e-01   8.8724585e-01   8.9367456e-01   8.6601158e-01   9.0346766e-01   8.8102181e-01   8.8165021e-01   1.0000000e+00
